Number of bits = 1000000
Energy of the entire signal = 2000000.1716113687
------------------------------------------
BLER_uncoded_ortho = [0.379885, 0.353048, 0.32461, 0.29466, 0.261365, 0.22714, 0.195263, 0.164991, 0.136231, 0.111861, 0.090276, 0.072357, 0.056944, 0.044984, 0.035383, 0.027273, 0.021171, 0.016492, 0.012801, 0.00973]
BLER_coded_ortho_hard = [0.441056, 0.423869, 0.405249, 0.381611, 0.351994, 0.318561, 0.279774, 0.237635, 0.193919, 0.151703, 0.113621, 0.08356, 0.058248, 0.039873, 0.025686, 0.016703, 0.010626, 0.006438, 0.003953, 0.002417]
BLER_learned_uncoded_1_2 = [0.380958, 0.354326, 0.325617, 0.29393, 0.261309, 0.227797, 0.195652, 0.164999, 0.137218, 0.112078, 0.090564, 0.072663, 0.057844, 0.045274, 0.035808, 0.028024, 0.022011, 0.017548, 0.013917, 0.011097]
----------------------------------------------------
BLER_uncoded_ortho = [0.379885, 0.353048, 0.32461, 0.29466, 0.261365, 0.22714, 0.195263, 0.164991, 0.136231, 0.111861, 0.090276, 0.072357, 0.056944, 0.044984, 0.035383, 0.027273, 0.021171, 0.016492, 0.012801, 0.00973]
BLER_coded_ortho_hard = [0.441056, 0.423869, 0.405249, 0.381611, 0.351994, 0.318561, 0.279774, 0.237635, 0.193919, 0.151703, 0.113621, 0.08356, 0.058248, 0.039873, 0.025686, 0.016703, 0.010626, 0.006438, 0.003953, 0.002417]
BLER_learned_uncoded_1_2_custom = [0.393249, 0.372394, 0.347945, 0.322348, 0.295695, 0.267972, 0.24012, 0.213028, 0.18638, 0.161156, 0.138042, 0.117186, 0.098498, 0.08224, 0.067779, 0.055765, 0.045974, 0.037768, 0.031625, 0.026713]
----------------------------------------------------
